Pontos aceitos no two_dim_problem
Metodo = BFGS() com penalidade externa de caixa
tmax = 15.0
x0 = [0.1, 0.2]
lb = 0.0 | ub = 0.5
iterations = 10 | penalty_weight = 1.0e6

iter	f	gnorm	x1	x2
0	3.380000000000001e56	0.0	0.1	0.2

Resumo final
convergiu = true
iteracoes = 0
f_final = 3.380000000000001e56
f_final_penalizado = 3.380000000000001e56
x_final = [0.1, 0.2]
n_pontos_aceitos = 1
