Metodo = BFGS
tbeg = 0.0 | tend = 1.0 | dim = 1
x0 = [0.09]
lower = [0.0]
upper = [0.5]
rmsd_tol = 0.09
grad_tol = 0.001

iter	f	x1
0	0.012100000000000003	0.09
1	0.01210000000000001	0.31000000000000005
2	0.0	0.2
3	0.0	0.2
4	0.0	0.2

Resumo final
status = convergido
f_final = 0.0
RMSD = 0.0
avaliacoes = 5
tempo_s = 0.259589
x_final = [0.2]
maxiter = 4
grad_tol = 0.001
x_abstol = 0.0
linesearch = QuadraticBacktracking
gradientes = 5
gnorm = 0.0
