Metodo = BFGS
tbeg = 0.0 | tend = 5.0 | dim = 2
x0 = [0.09, 0.09]
lower = [0.0, 0.0]
upper = [0.5, 0.5]
rmsd_tol = 0.09

iter	f	x1	x2
0	2.100479089231103	0.09	0.09
1	0.49423960809696493	0.1044374984096155	0.1483490345106855
2	0.36575439518990155	0.09101636964000001	0.1549626064054304
3	0.3034149068250712	0.08641200803330412	0.1597631425229792

Resumo final
status = false
f_final = 0.3034149068250712
RMSD = 0.10103592828977136
avaliacoes = 85
tempo_s = 162.030401
x_final = [0.08372422358455972, 0.1630822652007938]
iteracoes = 4
gradientes = 85
