Metodo = BFGS
tbeg = 0.0 | tend = 9.0 | dim = 2
x0 = [0.45, 0.4]
lower = [0.0, 0.0]
upper = [0.5, 0.5]
rmsd_tol = 0.09

iter	f	x1	x2
0	0.10250000000000001	0.45	0.4
1	0.03689999999999999	0.35	0.32
2	0.03689999999999999	0.35	0.32
3	0.004099999999999977	0.24999999999999997	0.23999999999999977
4	0.004099999999999977	0.24999999999999997	0.23999999999999977

Resumo final
status = finalizado
f_final = 0.004099999999999977
RMSD = 0.045276925690686955
avaliacoes = 5
tempo_s = 0.880943
x_final = [0.24999999999999997, 0.23999999999999977]
maxiter = 2
x_abstol = 0.0
derivative_tend = 5.0
gradientes = 5
gnorm = 0.5122499389946265
