Metodo = BFGS
tbeg = 0.0 | tend = 1.0 | dim = 1
x0 = [0.09]
lower = [0.0]
upper = [0.5]
rmsd_tol = 0.09
grad_tol = 0.001

iter	f	x1
0	0.00010000000000000018	0.09
1	0.00010000000000000018	0.11000000000000001
2	0.0	0.1
3	0.0	0.1

Resumo final
status = convergido
f_final = 0.0
RMSD = 0.0
avaliacoes = 4
tempo_s = 0.885401
x_final = [0.1]
maxiter = 2
grad_tol = 0.001
x_abstol = 0.0
gradientes = 4
gnorm = 0.0
