Metodo = BOBYQA
tbeg = 0.0 | tend = 5.0 | dim = 1
x0 = [0.09]
lower = [0.0]
upper = [0.5]
rmsd_tol = 0.09
rhobeg = 0.05
rhoend = 0.0001

iter	f	x1
0	2.100479089231111	0.09
1	0.9025842472265196	0.14
2	3.380000000000001e56	0.039999999999999994

Resumo final
status = MAXEVAL_REACHED
f_final = 0.9025842472265196
RMSD = 0.1863190240943783
avaliacoes = 3
tempo_s = 3.876332
x_final = [0.14]
rhobeg = 0.05
rhoend = 0.0001
