Metodo = LBFGSB
tbeg = 0.0 | tend = 0.5 | dim = 2
x0 = [0.09, 0.09]
lower = [0.0, 0.0]
upper = [0.5, 0.5]
rmsd_tol = 0.09

iter	f	x1	x2
0	22.48	0.09	0.09
1	52.0	0.5	0.5
2	1.9999999999999991	0.25	0.25
3	0.0	0.2	0.3

Resumo final
status = finalizado
f_final = 0.0
RMSD = 0.0
avaliacoes = 4
tempo_s = 0.257161
x_final = [0.2, 0.3]
maxiter = 10
gradientes = 4
