Metodo = MADS
tbeg = 0.0 | tend = 1.0 | dim = 2
x0 = [0.09, 0.09]
lower = [0.0, 0.0]
upper = [0.5, 0.5]
rmsd_tol = 0.09
rhobeg = 0.05
rhoend = 0.0001

iter	f	x1	x2
0	0.00020000000000000036	0.09	0.09
1	0.0181	0.0	0.19
2	0.0181	0.19	0.0

Resumo final
status = 0
f_final = 0.00020000000000000036
RMSD = 0.010000000000000009
avaliacoes = 3
tempo_s = 0.066164
x_final = [0.09, 0.09]
rhobeg = 0.05
rhoend = 0.0001
factivel = true
