Metodo = MADS
tbeg = 0.0 | tend = 15.0 | dim = 2
x0 = [0.09, 0.09]
lower = [0.0, 0.0]
upper = [0.5, 0.5]
rmsd_tol = 0.09
rhobeg = 0.05
rhoend = 0.0001

iter	f	x1	x2

Resumo final
status = -8
f_final = 14.560703520707738
RMSD = 0.31580190948163184
avaliacoes = 0
tempo_s = 11.035883
x_final = [0.09, 0.09]
rhobeg = 0.05
rhoend = 0.0001
factivel = nothing
