Metodo = MADS
tbeg = 0.0 | tend = 15.0 | dim = 3
x0 = [0.09, 0.09, 0.09]
lower = [0.0, 0.0, 0.0]
upper = [0.5, 0.5, 0.5]
rmsd_tol = 0.09
rhobeg = 0.05
rhoend = 0.0001

iter	f	x1	x2	x3

Resumo final
status = -8
f_final = 14.560703520707763
RMSD = 0.31580190948163206
avaliacoes = 0
tempo_s = 0.001956
x_final = [0.09, 0.09, 0.09]
rhobeg = 0.05
rhoend = 0.0001
factivel = nothing
