Metodo = SPG
tbeg = 0.0 | tend = 5.0 | dim = 1
x0 = [0.09]
lower = [0.0]
upper = [0.5]
rmsd_tol = 0.09
grad_tol = 0.001

iter	f	x1
0	2.1004322388244994	0.09000083554392238
1	0.9607226882236867	0.1256317350976018
2	0.9017956017891415	0.13441621194718406
3	0.8986023596590462	0.13690461724155456
4	0.8985935616214421	0.1370411789336437
5	0.8985935603624489	0.1370428315111599

Resumo final
status = 0
f_final = 0.8985935603624489
RMSD = 0.18590667223951676
avaliacoes = 7
tempo_s = 31.960875
x_final = [0.1370428315111599]
iteracoes = 7
grad_tol = 0.001
criterio_parada = Convergencia atingida
gnorm = 9.559792184532512e-7
