Metodo = SPG
tbeg = 0.0 | tend = 1.0 | dim = 1
x0 = [0.09]
lower = [0.0]
upper = [0.5]
rmsd_tol = 0.09
grad_tol = 0.001

iter	f	x1
0	9.999999403953592e-5	0.09000000029802321

Resumo final
status = 1
f_final = 9.999999403953592e-5
RMSD = 0.009999999701976792
avaliacoes = 2
tempo_s = 0.221192
x_final = [0.09000000029802321]
iteracoes = 2
grad_tol = 0.001
criterio_parada = Numero maximo de iteracoes (nitmax) atingido
gnorm = 0.019999999403953583
