Metodo = SPG
tbeg = 0.0 | tend = 5.0 | dim = 1
x0 = [0.09]
lower = [0.0]
upper = [0.5]
rmsd_tol = 0.09
grad_tol = 0.001

iter	f	x1

Resumo final
status = 1
f_final = 2.100479089231111
RMSD = 0.2842316964698337
avaliacoes = 1
tempo_s = 6.927308
x_final = [0.09]
iteracoes = 1
grad_tol = 0.001
criterio_parada = Numero maximo de iteracoes (nitmax) atingido
gnorm = 0.41000000000000003
