Metodo = SPG
tbeg = 0.0 | tend = 15.0 | dim = 1
x0 = [0.09]
lower = [0.0]
upper = [0.5]
rmsd_tol = 0.09
grad_tol = 0.001

iter	f	x1
0	14.559058898711157	0.09000495072392097
1	10.745731697112523	0.11099442753923774
2	10.662967082939627	0.11425205648054894
3	10.661171847824173	0.11479982766633846
4	10.66117102286649	0.11481179945199138

Resumo final
status = 0
f_final = 10.66117102286649
RMSD = 0.2702253121650561
avaliacoes = 6
tempo_s = 80.340014
x_final = [0.11481179945199138]
iteracoes = 6
grad_tol = 0.001
criterio_parada = Convergencia atingida
gnorm = 0.0004294282867429722
