Metodo = SPG
tbeg = 0.0 | tend = 31.0 | dim = 1
x0 = [0.09]
lower = [0.0]
upper = [0.5]
rmsd_tol = 0.09
grad_tol = 0.001

iter	f	x1
0	22.163543220861033	0.09000808179607267
1	15.500954654340257	0.11235822607220992
2	15.339309671075798	0.11604187117571223
3	15.335497330554283	0.11669089445180184
4	15.335495222319864	0.11670648287188784

Resumo final
status = 0
f_final = 15.335495222319864
RMSD = 0.21300536997925573
avaliacoes = 6
tempo_s = 171.396179
x_final = [0.11670648287188784]
iteracoes = 6
grad_tol = 0.001
criterio_parada = Convergencia atingida
gnorm = 0.0009628845710054623
